original: 2.184818s
ecce: 0.593012s
transformed: 0.257511s

