orig: 27.571794s
trans: 36.040267s
defer: 57.913141s
calls: 37.122173s

