spec1: 0.000957s
spec2: 0.087995s
spec3: 9.268672s
trans1: 0.001259s
trans2: 0.176346s
trans3: 14.741655s



spec1: 0.000764s
spec2: 0.088275s
spec3: 9.773220s
trans1: 0.000769s
trans2: 0.139606s
trans3: 16.242777s
transUnf1: 0.001265s
transUnf2: 0.207129s
transUnf3: 15.190867s


spec1: 0.000733s
spec2: 0.086287s
spec3: 9.549526s
trans1: 0.000754s
trans2: 0.145468s
trans3: 16.256843s
transUnf1: 0.001261s
transUnf2: 0.200778s
transUnf3: 14.900446s
cpd1: 0.000747s
cpd2: 0.099508s
cpd3: 2.350065s



