spec1: 0.000957s
spec2: 0.087995s
spec3: 9.268672s
trans1: 0.001259s
trans2: 0.176346s
trans3: 14.741655s
